move -8830.725586 626.293762 93.965034
move -8853.408203 659.659180 96.927277
move -8824.111328 677.946350 97.630836
move -8844.728516 721.205872 97.291100
move -8793.629883 748.396179 97.527473
move -8760.721680 731.732788 98.550667
move -8729.388672 690.929810 98.696289
move -8705.599609 636.397644 100.278755
move -8707.289063 600.036255 98.959137
move -8736.063477 573.581604 97.315704
move -8771.458008 609.886902 97.313873
move -8797.460938 588.211792 97.320908
move -8821.388672 618.101807 94.637329
